100
42
11
1
2018
4560850350526286
2715037375678768
9999999999999999
10
17371810785187
2092020405068642
8278495532499004
870059885140503
3328167114373173
8646487161268112
4692287261922311
913067545067078
5487841094081461
7739150746095807
8888888888888889
5085584046497596
2072183728702979
8333420363860983
266502509500110
1658737884322515
1848386387195262
6979329466541375
3164914473895659
9765423657760095
2953535604848411
142092293526945
3838506981929336
95
8612367382559575
8837331573596667
8
2991029171475628
7515594625657265
5502096445789195
3
4813333783089887
7426461502861988
5
1851663690546610
9
5469082541956325
8814415484432496
6329520891034007
6
9034048415499651
9750726894546623
1420135063466999
3829362961360202
8430446295236099
6803477615862553
4693736878681328
9565180234646593
5562158462866333
3576536306203542
1657778826965405
8243137365623053
8025526940647156
6493330918148309
8232255093507075
6690887187141900
2713694188790033
4957156228524413
453697960497674
7684573553998207
3879462357794297
7112988234831533
8840307382989339
1339834837180115
7172327600650862
2493244761010806
2258257977807169
9863964790824240
3106720282241466
2
8023222596068781
4004614327866643
1485969558425276
2570761015395904
8854717852647579
3419034425578156
2337873738720969
7
3507402154841528
1555555555555555
4
1638064916212795
3447908968403784
7249795701667634
5479683963763772
9216864127972292
3827716638459484
10000000000000000
2036718453094123
5316596437867281
7473768245425422
7767227531940894
