100
42
11
1
2018
46536
10
7
59715
3
84088
34158
86338
25471
70304
4
55110
78503
43473
84218
79963
72289
30137
55619
38699
50104
31345
82484
20768
80938
39472
21039
86822
67756
77802
90330
54000
9
43273
18751
50833
76046
8
37664
22202
24202
98135
68559
14873
62760
24779
36697
66722
24646
21480
39796
84337
19529
9637
95
96285
63638
75671
285
47862
2
40627
5
8512
71495
84532
66990
62660
77056
25160
48885
99213
34909
37892
82452
69669
12427
100000
59306
35409
92855
46799
99999
97572
90350
17196
5397
6
92432
90051
86613
76502
11876
80077
69951
84632
